L42023	0	5000	45
L42023	5000	10000	13
L42023	10000	15000	33
L42023	15000	20000	11
L42023	20000	25000	41
L42023	25000	30000	45
L42023	30000	35000	39
L42023	35000	40000	8
L42023	40000	45000	67
L42023	45000	50000	3
L42023	50000	55000	67
L42023	55000	60000	30
L42023	60000	65000	17
L42023	65000	70000	33
L42023	70000	75000	41
L42023	75000	80000	70
L42023	80000	85000	53
L42023	85000	90000	36
L42023	90000	95000	52
L42023	95000	100000	61
L42023	100000	105000	20
L42023	105000	110000	17
L42023	110000	115000	10
L42023	115000	120000	0
L42023	120000	125000	35
L42023	125000	130000	56
L42023	130000	135000	99
L42023	135000	140000	47
L42023	140000	145000	12
L42023	145000	150000	71
L42023	150000	155000	23
L42023	155000	160000	37
L42023	160000	165000	39
L42023	165000	170000	17
L42023	170000	175000	97
L42023	175000	180000	47
L42023	180000	185000	28
L42023	185000	190000	74
L42023	190000	195000	23
L42023	195000	200000	49
L42023	200000	205000	73
L42023	205000	210000	47
L42023	210000	215000	86
L42023	215000	220000	57
L42023	220000	225000	96
L42023	225000	230000	99
L42023	230000	235000	44
L42023	235000	240000	67
L42023	240000	245000	55
L42023	245000	250000	29
L42023	250000	255000	26
L42023	255000	260000	73
L42023	260000	265000	97
L42023	265000	270000	10
L42023	270000	275000	61
L42023	275000	280000	9
L42023	280000	285000	78
L42023	285000	290000	37
L42023	290000	295000	39
L42023	295000	300000	94
L42023	300000	305000	94
L42023	305000	310000	36
L42023	310000	315000	36
L42023	315000	320000	17
L42023	320000	325000	31
L42023	325000	330000	58
L42023	330000	335000	72
L42023	335000	340000	21
L42023	340000	345000	57
L42023	345000	350000	18
L42023	350000	355000	64
L42023	355000	360000	77
L42023	360000	365000	30
L42023	365000	370000	93
L42023	370000	375000	43
L42023	375000	380000	53
L42023	380000	385000	14
L42023	385000	390000	40
L42023	390000	395000	76
L42023	395000	400000	14
L42023	400000	405000	92
L42023	405000	410000	38
L42023	410000	415000	63
L42023	415000	420000	38
L42023	420000	425000	63
L42023	425000	430000	16
L42023	430000	435000	36
L42023	435000	440000	29
L42023	440000	445000	11
L42023	445000	450000	98
L42023	450000	455000	36
L42023	455000	460000	82
L42023	460000	465000	47
L42023	465000	470000	84
L42023	470000	475000	20
L42023	475000	480000	40
L42023	480000	485000	74
L42023	485000	490000	76
L42023	490000	495000	33
L42023	495000	500000	1
L42023	500000	505000	65
L42023	505000	510000	84
L42023	510000	515000	100
L42023	515000	520000	89
L42023	520000	525000	20
L42023	525000	530000	16
L42023	530000	535000	62
L42023	535000	540000	23
L42023	540000	545000	73
L42023	545000	550000	21
L42023	550000	555000	37
L42023	555000	560000	80
L42023	560000	565000	55
L42023	565000	570000	77
L42023	570000	575000	69
L42023	575000	580000	62
L42023	580000	585000	56
L42023	585000	590000	94
L42023	590000	595000	60
L42023	595000	600000	20
L42023	600000	605000	50
L42023	605000	610000	27
L42023	610000	615000	0
L42023	615000	620000	3
L42023	620000	625000	24
L42023	625000	630000	55
L42023	630000	635000	74
L42023	635000	640000	21
L42023	640000	645000	37
L42023	645000	650000	23
L42023	650000	655000	57
L42023	655000	660000	59
L42023	660000	665000	99
L42023	665000	670000	25
L42023	670000	675000	11
L42023	675000	680000	68
L42023	680000	685000	47
L42023	685000	690000	79
L42023	690000	695000	15
L42023	695000	700000	83
L42023	700000	705000	90
L42023	705000	710000	81
L42023	710000	715000	12
L42023	715000	720000	32
L42023	720000	725000	57
L42023	725000	730000	60
L42023	730000	735000	38
L42023	735000	740000	43
L42023	740000	745000	87
L42023	745000	750000	85
L42023	750000	755000	80
L42023	755000	760000	61
L42023	760000	765000	67
L42023	765000	770000	57
L42023	770000	775000	60
L42023	775000	780000	19
L42023	780000	785000	78
L42023	785000	790000	68
L42023	790000	795000	24
L42023	795000	800000	66
L42023	800000	805000	4
L42023	805000	810000	82
L42023	810000	815000	81
L42023	815000	820000	68
L42023	820000	825000	19
L42023	825000	830000	82
L42023	830000	835000	75
L42023	835000	840000	66
L42023	840000	845000	92
L42023	845000	850000	53
L42023	850000	855000	57
L42023	855000	860000	5
L42023	860000	865000	73
L42023	865000	870000	27
L42023	870000	875000	14
L42023	875000	880000	80
L42023	880000	885000	83
L42023	885000	890000	51
L42023	890000	895000	18
L42023	895000	900000	25
L42023	900000	905000	78
L42023	905000	910000	37
L42023	910000	915000	23
L42023	915000	920000	63
L42023	920000	925000	87
L42023	925000	930000	72
L42023	930000	935000	21
L42023	935000	940000	80
L42023	940000	945000	40
L42023	945000	950000	49
L42023	950000	955000	10
L42023	955000	960000	49
L42023	960000	965000	39
L42023	965000	970000	60
L42023	970000	975000	37
L42023	975000	980000	35
L42023	980000	985000	31
L42023	985000	990000	3
L42023	990000	995000	76
L42023	995000	1000000	62
L42023	1000000	1005000	100
L42023	1005000	1010000	35
L42023	1010000	1015000	93
L42023	1015000	1020000	25
L42023	1020000	1025000	76
L42023	1025000	1030000	29
L42023	1030000	1035000	57
L42023	1035000	1040000	19
L42023	1040000	1045000	41
L42023	1045000	1050000	32
L42023	1050000	1055000	81
L42023	1055000	1060000	17
L42023	1060000	1065000	31
L42023	1065000	1070000	48
L42023	1070000	1075000	35
L42023	1075000	1080000	96
L42023	1080000	1085000	36
L42023	1085000	1090000	44
L42023	1090000	1095000	12
L42023	1095000	1100000	9
L42023	1100000	1105000	3
L42023	1105000	1110000	3
L42023	1110000	1115000	2
L42023	1115000	1120000	32
L42023	1120000	1125000	87
L42023	1125000	1130000	36
L42023	1130000	1135000	25
L42023	1135000	1140000	8
L42023	1140000	1145000	50
L42023	1145000	1150000	18
L42023	1150000	1155000	34
L42023	1155000	1160000	58
L42023	1160000	1165000	62
L42023	1165000	1170000	23
L42023	1170000	1175000	44
L42023	1175000	1180000	18
L42023	1180000	1185000	62
L42023	1185000	1190000	70
L42023	1190000	1195000	97
L42023	1195000	1200000	17
L42023	1200000	1205000	69
L42023	1205000	1210000	31
L42023	1210000	1215000	47
L42023	1215000	1220000	3
L42023	1220000	1225000	79
L42023	1225000	1230000	78
L42023	1230000	1235000	58
L42023	1235000	1240000	66
L42023	1240000	1245000	16
L42023	1245000	1250000	55
L42023	1250000	1255000	34
L42023	1255000	1260000	4
L42023	1260000	1265000	38
L42023	1265000	1270000	63
L42023	1270000	1275000	30
L42023	1275000	1280000	36
L42023	1280000	1285000	41
L42023	1285000	1290000	90
L42023	1290000	1295000	60
L42023	1295000	1300000	16
L42023	1300000	1305000	94
L42023	1305000	1310000	2
L42023	1310000	1315000	99
L42023	1315000	1320000	65
L42023	1320000	1325000	38
L42023	1325000	1330000	83
L42023	1330000	1335000	57
L42023	1335000	1340000	32
L42023	1340000	1345000	41
L42023	1345000	1350000	5
L42023	1350000	1355000	100
L42023	1355000	1360000	2
L42023	1360000	1365000	37
L42023	1365000	1370000	62
L42023	1370000	1375000	24
L42023	1375000	1380000	19
L42023	1380000	1385000	61
L42023	1385000	1390000	73
L42023	1390000	1395000	89
L42023	1395000	1400000	15
L42023	1400000	1405000	36
L42023	1405000	1410000	29
L42023	1410000	1415000	87
L42023	1415000	1420000	3
L42023	1420000	1425000	15
L42023	1425000	1430000	66
L42023	1430000	1435000	56
L42023	1435000	1440000	50
L42023	1440000	1445000	55
L42023	1445000	1450000	64
L42023	1450000	1455000	43
L42023	1455000	1460000	82
L42023	1460000	1465000	23
L42023	1465000	1470000	85
L42023	1470000	1475000	40
L42023	1475000	1480000	16
L42023	1480000	1485000	61
L42023	1485000	1490000	69
L42023	1490000	1495000	0
L42023	1495000	1500000	2
L42023	1500000	1505000	38
L42023	1505000	1510000	80
L42023	1510000	1515000	86
L42023	1515000	1520000	93
L42023	1520000	1525000	10
L42023	1525000	1530000	27
L42023	1530000	1535000	88
L42023	1535000	1540000	23
L42023	1540000	1545000	0
L42023	1545000	1550000	75
L42023	1550000	1555000	85
L42023	1555000	1560000	69
L42023	1560000	1565000	55
L42023	1565000	1570000	52
L42023	1570000	1575000	1
L42023	1575000	1580000	67
L42023	1580000	1585000	67
L42023	1585000	1590000	23
L42023	1590000	1595000	43
L42023	1595000	1600000	4
L42023	1600000	1605000	10
L42023	1605000	1610000	20
L42023	1610000	1615000	31
L42023	1615000	1620000	65
L42023	1620000	1625000	99
L42023	1625000	1630000	51
L42023	1630000	1635000	14
L42023	1635000	1640000	71
L42023	1640000	1645000	87
L42023	1645000	1650000	51
L42023	1650000	1655000	8
L42023	1655000	1660000	11
L42023	1660000	1665000	12
L42023	1665000	1670000	48
L42023	1670000	1675000	94
L42023	1675000	1680000	28
L42023	1680000	1685000	6
L42023	1685000	1690000	39
L42023	1690000	1695000	78
L42023	1695000	1700000	22
L42023	1700000	1705000	98
L42023	1705000	1710000	35
L42023	1710000	1715000	41
L42023	1715000	1720000	0
L42023	1720000	1725000	1
L42023	1725000	1730000	9
L42023	1730000	1735000	58
L42023	1735000	1740000	26
L42023	1740000	1745000	50
L42023	1745000	1750000	9
L42023	1750000	1755000	83
L42023	1755000	1760000	70
L42023	1760000	1765000	27
L42023	1765000	1770000	33
L42023	1770000	1775000	16
L42023	1775000	1780000	91
L42023	1780000	1785000	83
L42023	1785000	1790000	94
L42023	1790000	1795000	35
L42023	1795000	1800000	46
L42023	1800000	1805000	37
L42023	1805000	1810000	81
L42023	1810000	1815000	17
L42023	1815000	1820000	42
L42023	1820000	1825000	18
L42023	1825000	1830000	53
L42023	1830000	1830138	15
